
0	1	0	2014/07/20
0	1	0	2014/07/20
0	1	0	2014/07/20
0	1	0	2014/07/20
0	0	1	2014/07/20
1	0	0	2014/07/20
1	0	0	2014/07/20
1	0	0	2014/07/20
0	0	1	2014/07/20
0	1	0	2014/07/20
0	1	0	2014/07/20
0	1	0	2014/07/20
0	1	0	2014/07/20
0	1	0	2014/07/20
0	1	0	2014/07/20
0	1	0	2014/07/20
0	1	0	2014/07/20
0	1	0	2014/07/20
0	1	0	2014/07/20
0	0	1	2014/07/20
1	0	0	2014/07/20
1	0	0	2014/07/20
1	0	0	2014/07/20
1	0	0	2014/07/20
1	0	0	2014/07/20
1	0	0	2014/07/20
0	1	0	2014/07/21
0	1	0	2014/07/21
0	1	0	2014/07/21
0	1	0	2014/07/21
0	0	1	2014/07/21
1	0	0	2014/07/21
1	0	0	2014/07/21
1	0	0	2014/07/21
0	0	1	2014/07/21
0	0	1	2014/07/21
0	1	0	2014/07/21
0	1	0	2014/07/21
0	1	0	2014/07/21
0	1	0	2014/07/21
1	0	0	2014/07/21
1	0	0	2014/07/21
1	0	0	2014/07/21
1	0	0	2014/07/21
1	0	0	2014/07/21
1	0	0	2014/07/21
0	0	1	2014/07/21
0	1	0	2014/07/21
0	1	0	2014/07/21
0	1	0	2014/07/21
0	1	0	2014/07/21
0	0	1	2014/07/21
